INITIAL
ALI-0-init	IMAGES,1406 TOTAL,5730 0,0 1,5730 2,0 3,0 4,0 5,0 6,0 7,0 8,0 9,0 
SUMENT
ALI-1-sument	IMAGES,1706 TOTAL,8321 0,0 1,8321 2,0 3,0 4,0 5,0 6,0 7,0 8,0 9,0 
ALI-2-sument	IMAGES,2006 TOTAL,10623 0,0 1,10623 2,0 3,0 4,0 5,0 6,0 7,0 8,0 9,0 
ALI-3-sument	IMAGES,2306 TOTAL,12596 0,0 1,12596 2,0 3,0 4,0 5,0 6,0 7,0 8,0 9,0 
ALI-4-sument	IMAGES,2606 TOTAL,14156 0,0 1,14156 2,0 3,0 4,0 5,0 6,0 7,0 8,0 9,0 
ALI-5-sument	IMAGES,2906 TOTAL,15396 0,0 1,15396 2,0 3,0 4,0 5,0 6,0 7,0 8,0 9,0 
ALI-6-sument	IMAGES,3206 TOTAL,16579 0,0 1,16579 2,0 3,0 4,0 5,0 6,0 7,0 8,0 9,0 
ALI-7-sument	IMAGES,3506 TOTAL,17625 0,0 1,17625 2,0 3,0 4,0 5,0 6,0 7,0 8,0 9,0 
ALI-8-sument	IMAGES,3806 TOTAL,18398 0,0 1,18398 2,0 3,0 4,0 5,0 6,0 7,0 8,0 9,0 
ALI-9-sument	IMAGES,4106 TOTAL,19162 0,0 1,19162 2,0 3,0 4,0 5,0 6,0 7,0 8,0 9,0 
ALI-10-sument	IMAGES,4406 TOTAL,19961 0,0 1,19961 2,0 3,0 4,0 5,0 6,0 7,0 8,0 9,0 
ALI-11-sument	IMAGES,4706 TOTAL,20882 0,0 1,20882 2,0 3,0 4,0 5,0 6,0 7,0 8,0 9,0 
ALI-12-sument	IMAGES,5006 TOTAL,21629 0,0 1,21629 2,0 3,0 4,0 5,0 6,0 7,0 8,0 9,0 
ALI-13-sument	IMAGES,5306 TOTAL,22134 0,0 1,22134 2,0 3,0 4,0 5,0 6,0 7,0 8,0 9,0 
ALI-14-sument	IMAGES,5354 TOTAL,22189 0,0 1,22189 2,0 3,0 4,0 5,0 6,0 7,0 8,0 9,0 
ALI-15-sument	IMAGES,5393 TOTAL,22230 0,0 1,22230 2,0 3,0 4,0 5,0 6,0 7,0 8,0 9,0 
ALI-16-sument	IMAGES,5428 TOTAL,22269 0,0 1,22269 2,0 3,0 4,0 5,0 6,0 7,0 8,0 9,0 
ALI-17-sument	IMAGES,5477 TOTAL,22328 0,0 1,22328 2,0 3,0 4,0 5,0 6,0 7,0 8,0 9,0 
ALI-18-sument	IMAGES,5519 TOTAL,22376 0,0 1,22376 2,0 3,0 4,0 5,0 6,0 7,0 8,0 9,0 
ALI-19-sument	IMAGES,5566 TOTAL,22431 0,0 1,22431 2,0 3,0 4,0 5,0 6,0 7,0 8,0 9,0 
ALI-20-sument	IMAGES,5609 TOTAL,22479 0,0 1,22479 2,0 3,0 4,0 5,0 6,0 7,0 8,0 9,0 
